No Of Ratios, Avg Ratio, TTC
Detector,SHITOMASI,Descriptor,BRISK
Frame #, No Of Ratios, Avg Ratio, TTC
1,2211, 1.00702, 14.2515
2,2346, 1.00727, 13.7572
3,2211, 1.00705, 14.1861
4,2415, 1.00862, 11.6
5,2628, 1.00713, 14.028
6,2415, 1.00157, 63.6192
7,3240, 1.00873, 11.4596
8,3081, 1.00662, 15.1041
9,2775, 1.00886, 11.2894
10,2628, 1.00374, 26.7399
11,2415, 1.0094, 10.6403
12,3240, 1.00969, 10.3187
13,3655, 1.00908, 11.0138
14,2926, 1.00919, 10.8858
15,2926, 1.0125, 7.99882
16,2701, 1.0085, 11.7604
17,3003, 1.00942, 10.6212
18,3321, 1.01268, 7.88439
Detector,SHITOMASI,Descriptor,BRIEF
Frame #, No Of Ratios, Avg Ratio, TTC
1,3655, 1.00682, 14.6612
2,4560, 1.00771, 12.9719
3,5565, 1.00847, 11.8049
4,4753, 1.00749, 13.3479
5,4851, 1.00636, 15.7337
6,4186, 1.00593, 16.8615
7,4851, 1.00718, 13.9238
8,5253, 1.00772, 12.9487
9,4560, 1.008, 12.504
10,4465, 1.00656, 15.2389
11,4095, 1.00831, 12.0367
12,5460, 1.00902, 11.0804
13,5460, 1.00865, 11.5636
14,4950, 1.00984, 10.1656
15,4371, 1.00895, 11.1774
16,5253, 1.0115, 8.69767
17,4656, 1.00898, 11.1303
18,5253, 1.01281, 7.80726
Detector,SHITOMASI,Descriptor,ORB
Frame #, No Of Ratios, Avg Ratio, TTC
1,3160, 1.0072, 13.889
2,4095, 1.00926, 10.8013
3,4186, 1.00705, 14.1821
4,4095, 1.00841, 11.8915
5,4095, 1.00748, 13.3604
6,3655, 1.00524, 19.0943
7,4095, 1.00898, 11.1376
8,4560, 1.00752, 13.3032
9,3916, 1.00893, 11.2023
10,4095, 1.00498, 20.0618
11,3486, 1.00851, 11.7534
12,4560, 1.00925, 10.8148
13,4851, 1.00862, 11.6034
14,3828, 1.00919, 10.8858
15,3741, 1.01054, 9.48797
16,4186, 1.01037, 9.64653
17,4371, 1.00965, 10.3634
18,4753, 1.01327, 7.53456
Detector,FAST,Descriptor,BRISK
Frame #, No Of Ratios, Avg Ratio, TTC
1,2701, 1.00653, 15.3147
2,3160, 1.00262, 38.1236
3,4278, 1.00769, 13.0039
4,3240, 1.00439, 22.7899
5,3240, 1, -inf
6,3321, 1.00656, 15.2452
7,3570, 1.00162, 61.5487
8,3570, 1.00893, 11.1975
9,3403, 1.00332, 30.102
10,3570, 1.00437, 22.8737
11,2701, 1.00648, 15.4412
12,4851, 1.00865, 11.5668
13,4753, 1.00768, 13.0277
14,3916, 1.00837, 11.9446
15,3828, 1.00993, 10.0735
16,4095, 1.0089, 11.2304
17,5050, 1.01129, 8.85581
18,4278, 1.00876, 11.4201
Detector,FAST,Descriptor,BRIEF
Frame #, No Of Ratios, Avg Ratio, TTC
1,4465, 1.00707, 14.1514
2,5886, 1.00742, 13.4851
3,6555, 1.00677, 14.7628
4,5886, 1.0035, 28.6004
5,5886, 1.00527, 18.9903
6,5460, 1.00614, 16.2739
7,6105, 1.00295, 33.8499
8,6328, 1.00656, 15.2437
9,5253, 1.00395, 25.3006
10,6216, 1.00706, 14.1601
11,5460, 1.00601, 16.6385
12,7503, 1.00875, 11.4231
13,7381, 1.00785, 12.7336
14,6328, 1.00895, 11.1762
15,7381, 1.00816, 12.2585
16,6903, 1.009, 11.1081
17,9316, 1.01195, 8.36974
18,6903, 1.00894, 11.1887
Detector,FAST,Descriptor,ORB
Frame #, No Of Ratios, Avg Ratio, TTC
1,3741, 1.00745, 13.4305
2,5778, 1.00724, 13.8123
3,6555, 1.0083, 12.054
4,5050, 1.00502, 19.9276
5,5050, 1.00424, 23.6126
6,5050, 1.00671, 14.9011
7,5460, 1.0051, 19.6104
8,5460, 1.00778, 12.8588
9,4753, 1.00356, 28.0573
10,5565, 1.00677, 14.7747
11,4950, 1.00682, 14.6693
12,7140, 1.00858, 11.6546
13,6441, 1.0079, 12.6532
14,5356, 1.00912, 10.963
15,5886, 1.00829, 12.0606
16,6105, 1.01017, 9.83317
17,8001, 1.01183, 8.4558
18,6105, 1.01001, 9.9932
Detector,BRISK,Descriptor,BRISK
Frame #, No Of Ratios, Avg Ratio, TTC
1,8385, 1.00581, 17.2044
2,12402, 1.00505, 19.8068
3,16836, 1.00773, 12.933
4,13203, 1.00606, 16.4899
5,9045, 1.00319, 31.3308
6,11026, 1.00611, 16.3721
7,12090, 1.00567, 17.634
8,11325, 1.00687, 14.5557
9,12090, 1.00615, 16.257
10,13041, 1.00611, 16.3706
11,11476, 1.00798, 12.5273
12,16471, 1.00837, 11.9532
13,15753, 1.00814, 12.2858
14,15051, 1.00888, 11.2551
15,16290, 1.0085, 11.7668
16,15752, 1.00962, 10.3952
17,20502, 1.01138, 8.78608
18,21528, 1.00989, 10.1145
Detector,BRISK,Descriptor,BRIEF
Frame #, No Of Ratios, Avg Ratio, TTC
1,14196, 1.00594, 16.8288
2,19109, 1.00582, 17.1857
3,23436, 1.00756, 13.2321
4,20910, 1.0054, 18.5149
5,15753, 1.00378, 26.4257
6,15753, 1.0054, 18.5302
7,18528, 1.00527, 18.9604
8,16471, 1.00594, 16.826
9,17955, 1.00582, 17.1875
10,18914, 1.00805, 12.4162
11,16836, 1.00842, 11.8762
12,25651, 1.00563, 17.758
13,21115, 1.00727, 13.7461
14,21321, 1.00923, 10.8388
15,23653, 1.00943, 10.6056
16,24752, 1.00847, 11.8015
17,33669, 1.01002, 9.98468
18,28441, 1.01051, 9.51379
Detector,BRISK,Descriptor,ORB
Frame #, No Of Ratios, Avg Ratio, TTC
1,8778, 1.00531, 18.8429
2,12560, 1.00547, 18.274
3,16471, 1.00696, 14.3675
4,10878, 1.00589, 16.9895
5,10296, 1.00432, 23.1621
6,10440, 1.00635, 15.7483
7,13041, 1.00531, 18.8443
8,12090, 1.00654, 15.3018
9,11935, 1.00742, 13.4793
10,13695, 1.00753, 13.276
11,11325, 1.00735, 13.6047
12,17020, 1.00888, 11.2588
13,14365, 1.00891, 11.221
14,15400, 1.00862, 11.6022
15,16836, 1.00857, 11.6642
16,14364, 1.00956, 10.4611
17,20909, 1.01207, 8.28566
18,20706, 1.00996, 10.043
Detector,ORB,Descriptor,BRISK
Frame #, No Of Ratios, Avg Ratio, TTC
1,1081, 1.00727, 13.7589
2,1225, 1.00114, 87.5199
3,1953, 1.00483, 20.7153
4,1653, 1.00404, 24.7265
5,1325, 1, -inf
6,2144, 1.00541, 18.4947
7,2346, 1, -inf
8,1891, 1.00478, 20.9046
9,1653, 1, -inf
10,1711, 1, -inf
11,1176, 1.01197, 8.35181
12,1378, 1, -inf
13,1431, 1.0107, 9.34426
14,1653, 1.00994, 10.0575
15,1080, 1.00796, 12.5669
16,1890, 1.00886, 11.2863
17,1710, 1.00802, 12.4705
18,1829, 1.0039, 25.6678
Detector,ORB,Descriptor,BRIEF
Frame #, No Of Ratios, Avg Ratio, TTC
1,1275, 1.00673, 14.8587
2,1431, 1.00555, 18.0032
3,2415, 1.00372, 26.8547
4,1830, 1.0033, 30.3189
5,1710, 1.00274, 36.4385
6,2700, 1.00263, 37.9679
7,3003, 1.00097, 102.828
8,2555, 1.00342, 29.2155
9,2346, 1.00139, 71.8298
10,2145, 1.00714, 13.9967
11,1378, 1.00908, 11.0165
12,1953, 1.00428, 23.3588
13,1653, 1.00855, 11.6981
14,2346, 1.01184, 8.44831
15,1539, 1.00888, 11.2662
16,2414, 1.00855, 11.6899
17,2555, 1.00627, 15.9547
18,1769, 1.00819, 12.215
Detector,ORB,Descriptor,ORB
Frame #, No Of Ratios, Avg Ratio, TTC
1,1225, 1.00559, 17.9039
2,1326, 1.00689, 14.5115
3,1891, 1.00758, 13.1875
4,1378, 1.00554, 18.0584
5,1224, 1.00153, 65.1767
6,2144, 1.00474, 21.0798
7,2016, 1, -inf
8,2210, 1.00858, 11.6585
9,1770, 1, -inf
10,1326, 1.00244, 40.9249
11,1326, 1.0112, 8.92968
12,1540, 1, -inf
13,1596, 1.01056, 9.47182
14,2145, 1.00734, 13.6263
15,1274, 1.00779, 12.8428
16,1952, 1.01053, 9.49931
17,2079, 1.00696, 14.3683
18,1539, 1.00351, 28.4678
Detector,AKAZE,Descriptor,BRISK
Frame #, No Of Ratios, Avg Ratio, TTC
1,4950, 1.00797, 12.5511
2,5778, 1.00716, 13.9619
3,7021, 1.00747, 13.3958
4,6328, 1.00679, 14.7346
5,5460, 1.00715, 13.9866
6,5356, 1.00629, 15.8859
7,7381, 1.00631, 15.8603
8,7503, 1.00708, 14.1306
9,7140, 1.00697, 14.3541
10,8001, 1.00817, 12.2401
11,6555, 1.0082, 12.1985
12,8385, 1.00879, 11.376
13,7260, 1.00962, 10.3932
14,6670, 1.0095, 10.5217
15,7021, 1.01011, 9.89529
16,7140, 1.00985, 10.1517
17,7021, 1.01086, 9.20525
18,6555, 1.01125, 8.88728
Detector,AKAZE,Descriptor,BRIEF
Frame #, No Of Ratios, Avg Ratio, TTC
1,5886, 1.00735, 13.6127
2,7021, 1.00663, 15.0817
3,8128, 1.0075, 13.339
4,7260, 1.0066, 15.1626
5,7260, 1.00655, 15.2563
6,7260, 1.0068, 14.6958
7,9045, 1.00632, 15.8215
8,9316, 1.00689, 14.5216
9,8256, 1.00689, 14.5058
10,9453, 1.00804, 12.4455
11,9591, 1.00766, 13.0628
12,9453, 1.00806, 12.4008
13,8515, 1.00971, 10.2994
14,8515, 1.0096, 10.4163
15,8646, 1.01039, 9.62921
16,9316, 1.00981, 10.1984
17,8778, 1.01096, 9.12824
18,8256, 1.01107, 9.03273
Detector,AKAZE,Descriptor,ORB
Frame #, No Of Ratios, Avg Ratio, TTC
1,5671, 1.00771, 12.9715
2,6216, 1.007, 14.2868
3,7626, 1.0075, 13.3337
4,6328, 1.00682, 14.6533
5,5778, 1.00648, 15.4264
6,5995, 1.0065, 15.3728
7,8128, 1.00626, 15.9674
8,7750, 1.00714, 14.0111
9,7503, 1.00679, 14.7223
10,9045, 1.00848, 11.7867
11,6903, 1.00828, 12.0804
12,8001, 1.00836, 11.9618
13,7626, 1.00934, 10.712
14,7750, 1.0094, 10.6433
15,7381, 1.00986, 10.1371
16,8001, 1.00966, 10.3507
17,7503, 1.01105, 9.05157
18,7021, 1.01119, 8.93563
Detector,AKAZE,Descriptor,AKAZE
Frame #, No Of Ratios, Avg Ratio, TTC
1,5565, 1.00788, 12.698
2,5995, 1.00683, 14.6497
3,7381, 1.00767, 13.0437
4,6441, 1.00649, 15.4148
5,5778, 1.00628, 15.9257
6,5995, 1.00696, 14.3764
7,8385, 1.00649, 15.4148
8,8256, 1.00701, 14.2731
9,7626, 1.00685, 14.6063
10,8778, 1.00818, 12.2191
11,7140, 1.00811, 12.327
12,8001, 1.00859, 11.6456
13,7626, 1.00933, 10.7227
14,7875, 1.00949, 10.5414
15,7021, 1.00959, 10.4232
16,8256, 1.00984, 10.1664
17,7260, 1.01103, 9.06587
18,7503, 1.01108, 9.02543
Detector,SIFT,Descriptor,BRISK
Frame #, No Of Ratios, Avg Ratio, TTC
1,4259, 1.00806, 12.3996
2,3642, 1.00804, 12.4339
3,5756, 1.0077, 12.9928
4,4831, 1.00568, 17.5971
5,4355, 1.00709, 14.096
6,4839, 1.00841, 11.8843
7,6423, 1.00733, 13.639
8,6428, 1.00766, 13.0597
9,6419, 1.00753, 13.2768
10,4352, 1.00981, 10.1928
11,4170, 1.00922, 10.8403
12,4931, 1.00965, 10.3637
13,5130, 1.0116, 8.62306
14,5024, 1.01132, 8.8371
15,4737, 1.0115, 8.69539
16,5230, 1.01185, 8.43563
17,3388, 1.01219, 8.20672
18,4254, 1.01235, 8.09606
Detector,SIFT,Descriptor,BRIEF
Frame #, No Of Ratios, Avg Ratio, TTC
1,5651, 1.00826, 12.1044
2,6421, 1.00808, 12.3691
3,8106, 1.00712, 14.0417
4,7234, 1.00587, 17.0283
5,6536, 1.00681, 14.6809
6,7005, 1.00799, 12.5105
7,9569, 1.00733, 13.6353
8,9438, 1.00668, 14.9632
9,9291, 1.00722, 13.8572
10,7113, 1.00917, 10.9061
11,5978, 1.00921, 10.8557
12,8105, 1.01025, 9.75361
13,6998, 1.01137, 8.79126
14,6188, 1.0113, 8.85059
15,6764, 1.01183, 8.4523
16,6879, 1.01219, 8.20657
17,4640, 1.01242, 8.052
18,6079, 1.01218, 8.20885
