No Of Ratios, Avg Ratio, TTC
Detector,SHITOMASI,Descriptor,BRISK
Frame #, No Of Ratios, Avg Ratio, TTC
1,2211, 1.00826, 12.0996
2,2346, 1.00845, 11.8362
3,2211, 1.00794, 12.5894
4,2415, 1.00909, 11.0036
5,2628, 1.00847, 11.8048
6,2415, 1.00416, 24.027
7,3240, 1.00949, 10.5365
8,3081, 1.00781, 12.7988
9,2775, 1.00955, 10.471
10,2628, 1.00459, 21.799
11,2415, 1.0104, 9.61463
12,3240, 1.01042, 9.60122
13,3655, 1.01013, 9.87101
14,2926, 1.00949, 10.5337
15,2926, 1.01359, 7.36015
16,2701, 1.00956, 10.4602
17,3003, 1.0096, 10.421
18,3321, 1.01369, 7.30344
Detector,SHITOMASI,Descriptor,BRIEF
Frame #, No Of Ratios, Avg Ratio, TTC
1,3655, 1.009, 11.1151
2,4560, 1.00897, 11.153
3,5565, 1.00985, 10.1472
4,4753, 1.0059, 16.9368
5,4851, 1.00323, 30.992
6,4186, 1.0067, 14.9215
7,4851, 1.00689, 14.5089
8,5253, 1.00937, 10.6777
9,4560, 1.00535, 18.7001
10,4465, 1.00699, 14.315
11,4095, 1.00747, 13.3808
12,5460, 1.00792, 12.6304
13,5460, 1.01012, 9.8833
14,4950, 1.01003, 9.97128
15,4371, 1.0078, 12.8131
16,5253, 1.01429, 6.99988
17,4656, 1.00902, 11.0871
18,5253, 1.01283, 7.79244
Detector,SHITOMASI,Descriptor,ORB
Frame #, No Of Ratios, Avg Ratio, TTC
1,3160, 1.00933, 10.7228
2,4095, 1.01362, 7.34338
3,4186, 1.0086, 11.6248
4,4095, 1.00775, 12.9098
5,4095, 1.00741, 13.4908
6,3655, 1.00689, 14.5077
7,4095, 1.00991, 10.091
8,4560, 1.00903, 11.0709
9,3916, 1.01053, 9.50031
10,4095, 1.00566, 17.664
11,3486, 1.00942, 10.6151
12,4560, 1.00793, 12.6103
13,4851, 1.00858, 11.6504
14,3828, 1.00902, 11.0873
15,3741, 1.01072, 9.32407
16,4186, 1.01416, 7.06009
17,4371, 1.00991, 10.0862
18,4753, 1.01424, 7.02112
Detector,FAST,Descriptor,BRISK
Frame #, No Of Ratios, Avg Ratio, TTC
1,2701, 1.00502, 19.9278
2,3160, 0.99995, -2012.37
3,4278, 1.00996, 10.0371
4,3240, 1.00345, 29.0248
5,3240, 1.0102, 9.8056
6,3321, 1.00595, 16.8008
7,3570, 1.00504, 19.8607
8,3570, 1.01, 10.0009
9,3403, 1.00655, 15.2699
10,3570, 1.00677, 14.7682
11,2701, 1.00906, 11.0334
12,4851, 1.00918, 10.8959
13,4753, 1.00637, 15.6945
14,3916, 1.00866, 11.5486
15,3828, 1.01129, 8.85881
16,4095, 1.00952, 10.5003
17,5050, 1.0147, 6.80332
18,4278, 1.00917, 10.9031
Detector,FAST,Descriptor,BRIEF
Frame #, No Of Ratios, Avg Ratio, TTC
1,4465, 1.00251, 39.8123
2,5886, 1.00716, 13.9711
3,6555, 1.00799, 12.5229
4,5886, 1.00326, 30.7198
5,5886, 1.01259, 7.94463
6,5460, 1.0044, 22.7416
7,6105, 1.00225, 44.4301
8,6328, 1.00357, 28.0457
9,5253, 1.00575, 17.4054
10,6216, 1.01307, 7.65336
11,5460, 1.00533, 18.757
12,7503, 1.00807, 12.3943
13,7381, 1.00712, 14.0396
14,6328, 1.00734, 13.632
15,7381, 1.00635, 15.7414
16,6903, 1.01099, 9.09697
17,9316, 1.01185, 8.44078
18,6903, 1.00964, 10.3732
Detector,FAST,Descriptor,ORB
Frame #, No Of Ratios, Avg Ratio, TTC
1,3741, 1.0065, 15.387
2,5778, 1.00505, 19.8095
3,6555, 1.01096, 9.12576
4,5050, 1.0044, 22.7522
5,5050, 1.00999, 10.0053
6,5050, 1.00553, 18.0863
7,5460, 1.0063, 15.8667
8,5460, 1.00873, 11.4568
9,4753, 1.00683, 14.645
10,5565, 1.01306, 7.65719
11,4950, 1.01037, 9.64613
12,7140, 1.00781, 12.8023
13,6441, 1.00733, 13.6411
14,5356, 1.0089, 11.2392
15,5886, 1.00668, 14.9789
16,6105, 1.01325, 7.54577
17,8001, 1.01259, 7.94026
18,6105, 1.0113, 8.84589
Detector,BRISK,Descriptor,BRISK
Frame #, No Of Ratios, Avg Ratio, TTC
1,8385, 1.00371, 26.977
2,12402, 1.00613, 16.314
3,16836, 1.00971, 10.3017
4,13203, 1.00761, 13.1392
5,9045, 1.00549, 18.2228
6,11026, 1.00538, 18.6005
7,12090, 1.00496, 20.1674
8,11325, 1.00994, 10.059
9,12090, 1.00876, 11.4148
10,13041, 1.00705, 14.1911
11,11476, 1.00706, 14.1633
12,16471, 1.00944, 10.5904
13,15753, 1.00967, 10.3382
14,15051, 1.00973, 10.2788
15,16290, 1.00844, 11.853
16,15752, 1.01114, 8.97737
17,20502, 1.01483, 6.74243
18,21528, 1.01297, 7.71299
Detector,BRISK,Descriptor,BRIEF
Frame #, No Of Ratios, Avg Ratio, TTC
1,14196, 1.00196, 51.0795
2,19109, 1.00651, 15.3578
3,23436, 1.00887, 11.2689
4,20910, 1.00469, 21.2995
5,15753, 1.00425, 23.5259
6,15753, 1.00487, 20.522
7,18528, 1.00316, 31.6361
8,16471, 1.00474, 21.1114
9,17955, 1.00559, 17.9023
10,18914, 1.00877, 11.4082
11,16836, 1.00609, 16.4072
12,25651, 1.00394, 25.3741
13,21115, 1.0043, 23.2777
14,21321, 1.00884, 11.3129
15,23653, 1.00847, 11.8006
16,24752, 1.00874, 11.4442
17,33669, 1.00825, 12.1174
18,28441, 1.01198, 8.34687
Detector,BRISK,Descriptor,ORB
Frame #, No Of Ratios, Avg Ratio, TTC
1,8778, 31.3814, 0.00329149
2,12560, 1.0082, 12.2006
3,16471, 1.01984, 5.04094
4,10878, 1.00456, 21.9289
5,10296, 1.01103, 9.06516
6,10440, 1.00698, 14.3257
7,13041, 1.0056, 17.8433
8,12090, 1.00779, 12.8296
9,11935, 1.01017, 9.83282
10,13695, 1.00994, 10.056
11,11325, 1.0062, 16.1328
12,17020, 1.00912, 10.9599
13,14365, 1.01174, 8.51702
14,15400, 1.01029, 9.7153
15,16836, 1.00852, 11.7363
16,14364, 1.01331, 7.51097
17,20909, 1.01617, 6.18539
18,20706, 1.01263, 7.91707
Detector,ORB,Descriptor,BRISK
Frame #, No Of Ratios, Avg Ratio, TTC
1,1081, 1.02638, 3.79127
2,1225, 1.01799, 5.55989
3,1953, 1.01154, 8.66909
4,1653, 1.01317, 7.59121
5,1325, 1.00279, 35.7972
6,2144, 1.03106, 3.21937
7,2346, 1.00512, 19.5216
8,1891, 1.00307, 32.5291
9,1653, 1.0389, 2.57091
10,1711, 1.0123, 8.13095
11,1176, 1.03019, 3.31286
12,1378, 1.00326, 30.6629
13,1431, 14.2233, 0.0075624
14,1653, 1.01595, 6.26812
15,1080, 1.03746, 2.66986
16,1890, 1.01215, 8.2302
17,1710, 1.03938, 2.53927
18,1829, 77.9308, 0.00129987
Detector,ORB,Descriptor,BRIEF
Frame #, No Of Ratios, Avg Ratio, TTC
1,1275, 0.980012, -5.00308
2,1431, 0.994953, -19.8156
3,2415, 0.992293, -12.9748
4,1830, 0.993807, -16.148
5,1710, 0.985029, -6.67954
6,2700, 0.987608, -8.06963
7,3003, 0.99104, -11.1606
8,2555, 0.996756, -30.8224
9,2346, 0.990568, -10.6026
10,2145, 0.98654, -7.4293
11,1378, 1.00084, 119.756
12,1953, 0.979959, -4.98985
13,1653, 0.996387, -27.6762
14,2346, 0.991278, -11.4647
15,1539, 0.99995, -2013.65
16,2414, 0.998682, -75.8941
17,2555, 0.989485, -9.51041
18,1769, 0.983406, -6.02618
Detector,ORB,Descriptor,ORB
Frame #, No Of Ratios, Avg Ratio, TTC
1,1225, 1.02146, 4.66076
2,1326, 1.02969, 3.36855
3,1891, 1.0185, 5.40636
4,1378, 1.01484, 6.73667
5,1224, 1.0089, 11.2302
6,2144, 1.04911, 2.0361
7,2016, 1.00465, 21.4853
8,2210, 1.02225, 4.49471
9,1770, 1.00329, 30.371
10,1326, 1.02646, 3.77936
11,1326, 1.0137, 7.29984
12,1540, 1.0052, 19.2129
13,1596, 12.873, 0.0084225
14,2145, 1.02843, 3.51761
15,1274, 1.03877, 2.57919
16,1952, 1.0104, 9.61507
17,2079, 1.01063, 9.40351
18,1539, 1.01562, 6.40398
Detector,AKAZE,Descriptor,BRISK
Frame #, No Of Ratios, Avg Ratio, TTC
1,4950, 1.00581, 17.2164
2,5778, 1.00634, 15.7747
3,7021, 1.00659, 15.1844
4,6328, 1.00573, 17.4478
5,5460, 1.00656, 15.2418
6,5356, 1.00538, 18.5866
7,7381, 1.0063, 15.8637
8,7503, 1.00729, 13.7207
9,7140, 1.00686, 14.5721
10,8001, 1.00769, 13.005
11,6555, 1.00739, 13.5365
12,8385, 1.0075, 13.3282
13,7260, 1.00895, 11.1728
14,6670, 1.00775, 12.9047
15,7021, 1.0084, 11.9038
16,7140, 1.00919, 10.88
17,7021, 1.01005, 9.94932
18,6555, 1.01115, 8.96721
Detector,AKAZE,Descriptor,BRIEF
Frame #, No Of Ratios, Avg Ratio, TTC
1,5886, 1.00593, 16.861
2,7021, 1.00357, 28.0265
3,8128, 1.00746, 13.4113
4,7260, 1.00513, 19.4968
5,7260, 1.00453, 22.0542
6,7260, 1.00724, 13.8057
7,9045, 1.00502, 19.9015
8,9316, 1.00473, 21.1333
9,8256, 1.00626, 15.9619
10,9453, 1.00685, 14.595
11,9591, 1.00641, 15.5958
12,9453, 1.00446, 22.4375
13,8515, 1.00774, 12.9166
14,8515, 1.00714, 14.008
15,8646, 1.00914, 10.9455
16,9316, 1.00718, 13.9285
17,8778, 1.00843, 11.8691
18,8256, 1.00961, 10.4097
Detector,AKAZE,Descriptor,ORB
Frame #, No Of Ratios, Avg Ratio, TTC
1,5671, 1.00487, 20.5418
2,6216, 1.00556, 17.9896
3,7626, 1.00608, 16.4404
4,6328, 1.00513, 19.5072
5,5778, 1.00445, 22.4472
6,5995, 1.00488, 20.5116
7,8128, 1.00558, 17.9052
8,7750, 1.00677, 14.7722
9,7503, 1.00546, 18.3062
10,9045, 1.00937, 10.6778
11,6903, 1.00673, 14.8559
12,8001, 1.00727, 13.7484
13,7626, 1.00742, 13.4759
14,7750, 1.00794, 12.5879
15,7381, 1.00762, 13.1174
16,8001, 1.01002, 9.97726
17,7503, 1.00889, 11.2483
18,7021, 1.01174, 8.52149
Detector,AKAZE,Descriptor,AKAZE
Frame #, No Of Ratios, Avg Ratio, TTC
1,5565, 1.00438, 22.8082
2,5995, 1.00459, 21.7763
3,7381, 1.00944, 10.5939
4,6441, 1.00394, 25.3975
5,5778, 1.00035, 285.405
6,5995, 1.00911, 10.9813
7,8385, 1.01039, 9.62291
8,8256, 1.00613, 16.3116
9,7626, 1.00553, 18.0846
10,8778, 1.00701, 14.2655
11,7140, 1.00714, 14.0104
12,8001, 1.00875, 11.4234
13,7626, 1.00952, 10.5056
14,7875, 1.0094, 10.6334
15,7021, 1.0089, 11.2321
16,8256, 1.00987, 10.1287
17,7260, 1.00935, 10.698
18,7503, 1.01253, 7.98225
Detector,SIFT,Descriptor,BRISK
Frame #, No Of Ratios, Avg Ratio, TTC
1,4259, 1.00733, 13.6488
2,3642, 1.0071, 14.0872
3,5756, 1.0073, 13.6994
4,4831, 1.00185, 54.1178
5,4355, 1.00689, 14.5067
6,4839, 1.0077, 12.9907
7,6423, 1.00791, 12.6448
8,6428, 1.00932, 10.7268
9,6419, 1.00774, 12.9169
10,4352, 1.01486, 6.728
11,4170, 1.00939, 10.6493
12,4931, 1.00971, 10.2999
13,5130, 1.01135, 8.80983
14,5024, 1.0114, 8.77212
15,4737, 1.01166, 8.57535
16,5230, 1.01192, 8.38829
17,3388, 1.01157, 8.63975
18,4254, 1.01125, 8.88622
Detector,SIFT,Descriptor,BRIEF
Frame #, No Of Ratios, Avg Ratio, TTC
1,5651, 1.00621, 16.097
2,6421, 1.00615, 16.2707
3,8106, 1.00436, 22.9103
4,7234, 1.00435, 22.9999
5,6536, 1.01147, 8.7206
6,7005, 1.00582, 17.168
7,9569, 1.00894, 11.1824
8,9438, 1.0057, 17.5538
9,9291, 1.00365, 27.391
10,7113, 1.00564, 17.7323
11,5978, 1.0078, 12.826
12,8105, 1.01069, 9.35046
13,6998, 1.00988, 10.119
14,6188, 1.01299, 7.69528
15,6764, 1.01142, 8.7602
16,6879, 1.01226, 8.15355
17,4640, 1.01311, 7.62599
18,6079, 1.01093, 9.15281
